County Year Murder Rape Robbery AggravatedAssault ViolentCrimeTotal Burglary Larceny-Theft MotorVehicleTheft NonviolentCrimeTotal TotalCrimeIndex 11PercentChange Arson DomesticViolenceOffenses BiasIncidentReports

Atlantic 2005 5 41 245 382 673 813 3,987 227 5,027 5,700 38 2,574 12 
Bergen 2005 5 19 184 322 530 870 4,741 550 6,161 6,691 24 2,172 19 
Burlington 2005 4 34 127 196 361 662 2,601 292 3,555 3,916 43 1,680 9 
Camden 2005 19 73 511 840 1,443 1,603 4,857 906 7,366 8,809 94 3,125 28 
Cape May 2005 2 7 27 103 139 450 1,196 57 1,703 1,842 4 609 3 
Cumberland 2005 3 24 175 292 494 594 2,066 205 2,865 3,359 19 1,668 3 
Essex 2005 66 91 1,415 1,525 3,097 2,555 7,002 4,564 14,121 17,218 126 2,372 7 
Gloucester 2005 1 20 90 156 267 692 2,497 202 3,391 3,658 32 1,534 16 
Hudson 2005 21 45 1,066 1,006 2,138 1,831 4,874 1,516 8,221 10,359 52 2,420 8 
Hunterdon 2005 5 1 2 25 33 117 403 35 555 588 2 279 7 
Mercer 2005 14 31 386 454 885 919 2,927 530 4,376 5,261 32 1,571 22 
Middlesex 2005 7 49 281 460 797 1,320 5,451 726 7,497 8,294 51 2,225 52 
Monmouth 2005 2 40 173 349 564 974 4,551 346 5,871 6,435 32 2,527 60 
Morris 2005 - 16 61 161 238 598 2,213 165 2,976 3,214 20 1,132 19 
Ocean 2005 1 24 93 263 381 851 3,408 202 4,461 4,842 34 2,499 43 
Passaic 2005 11 30 470 644 1,155 1,295 3,479 977 5,751 6,906 11 2,325 8 
Salem 2005 5 5 31 64 105 225 445 40 710 815 8 369 2 
Somerset 2005 3 19 68 54 144 415 1,538 133 2,086 2,230 15 1,195 11 
Sussex 2005 1 3 2 32 38 98 641 35 774 812 3 482 3 
Union 2005 21 35 534 418 1,008 959 4,418 1,453 6,830 7,838 21 2,115 10 
Warren 2005 - - 7 47 54 121 441 39 601 655 4 704 8 

Atlantic 2006 14 36 298 366 714 909 4,065 199 5,173 5,887 27 2,519 15
Bergen 2006 - 20 164 301 485 953 4,689 453 6,095 6,580 31 2,210 41
Burlington 2006 6 46 128 212 392 728 2,838 284 3,850 4,242 39 1,897 10
Camden 2006 15 73 526 784 1,398 1,621 5,577 952 8,150 9,548 139 3,282 23
Cape May 2006 - 8 39 116 163 346 1,285 51 1,682 1,845 12 595 7
Cumberland 2006 10 24 184 561 779 689 1,978 159 2,826 3,605 24 1,683 4
Essex 2006 65 85 1,541 1,493 3,184 2,450 7,019 4,325 13,794 16,978 152 2,607 16
Gloucester 2006 4 31 85 188 308 708 2,617 202 3,527 3,835 37 1,527 17
Hudson 2006 18 50 1,092 936 2,096 1,823 4,604 1,338 7,765 9,861 43 2,193 9
Hunterdon 2006 - 3 5 31 39 108 378 32 518 557 5 223 4
Mercer 2006 7 31 445 420 903 804 2,604 430 3,838 4,741 29 1,588 27
Middlesex 2006 8 40 275 435 758 1,506 5,449 717 7,672 8,430 51 2,398 40
Monmouth 2006 4 36 240 397 677 1,062 4,426 291 5,779 6,456 43 2,524 125
Morris 2006 - 16 64 124 204 545 2,329 189 3,063 3,267 12 1,032 24
Ocean 2006 4 23 131 220 378 973 3,617 215 4,805 5,183 62 2,733 44
Passaic 2006 7 33 480 622 1,142 1,181 3,137 923 5,241 6,383 19 2,021 12
Salem 2006 1 - 43 71 115 222 560 35 817 932 10 348 1
Somerset 2006 2 12 76 62 152 425 1,487 149 2,061 2,213 12 1,089 9
Sussex 2006 1 1 8 36 46 145 818 24 987 1,033 8 464 1
Union 2006 17 40 550 403 1,010 1,035 4,257 1,256 6,548 7,558 26 1,913 7
Warren 2006 2 2 13 54 71 153 572 53 778 849 4 653 5

Atlantic 2007 7 33 331 402 773 923 3,332 244 4,499 5,272 39 2,600 12
Bergen 2007 2 17 157 274 450 890 4,539 462 5,891 6,341 22 2,175 26
Burlington 2007 4 35 127 200 366 626 2,760 253 3,639 4,005 51 1,735 4
Camden 2007 16 56 611 759 1,442 1,693 5,211 975 7,879 9,321 129 3,144 21
Cape May 2007 - 15 51 111 177 465 1,426 60 1,951 2,128 4 483 8
Cumberland 2007 6 21 209 307 543 677 2,046 134 2,857 3,400 16 1,543 3
Essex 2007 72 72 1,255 1,209 2,608 2,173 5,749 3,307 11,229 13,837 91 2,387 15
Gloucester 2007 2 12 91 183 288 613 2,407 216 3,236 3,524 34 1,502 25
Hudson 2007 12 41 904 869 1,826 1,376 4,405 990 6,771 8,597 68 2,147 10
Hunterdon 2007 - 4 3 34 41 116 427 26 569 610 7 273 5
Mercer 2007 14 23 352 396 785 764 2,519 362 3,645 4,430 20 1,559 11
Middlesex 2007 4 37 322 350 713 1,342 5,296 616 7,254 7,967 48 2,434 52
Monmouth 2007 6 35 235 367 643 1,059 4,246 263 5,568 6,211 28 2,678 88
Morris 2007 1 17 58 127 203 571 2,216 109 2,896 3,099 21 1,192 13
Ocean 2007 5 15 96 249 365 902 3,728 176 4,806 5,171 37 2,544 42
Passaic 2007 13 16 562 644 1,235 1,383 3,464 671 5,518 6,753 15 1,968 18
Salem 2007 1 5 15 81 102 194 528 50 772 874 8 315 -
Somerset 2007 3 14 46 41 104 404 1,737 146 2,287 2,391 10 1,056 16
Sussex 2007 1 3 4 53 61 129 631 33 793 854 8 478 4
Union 2007 12 37 604 425 1,078 1,027 4,167 1,064 6,258 7,336 16 1,761 7
Warren 2007 3 3 5 40 51 124 519 40 683 734 9 615 5

Atlantic 2008 16 37 263 355 671 939 3,387 243 4,569 5,240 34 2,117 9
Bergen 2008 6 15 165 287 473 860 4,880 369 6,109 6,582 32 2,008 39
Burlington 2008 7 37 136 209 389 730 2,914 232 3,876 4,265 39 1,689 22
Camden 2008 35 88 534 756 1,413 1,765 5,860 982 8,607 10,020 102 2,868 15
Cape May 2008 - 20 29 105 154 405 1,284 54 1,743 1,897 9 407 2
Cumberland 2008 8 8 176 322 514 696 1,993 111 2,800 3,314 21 1,484 -
Essex 2008 50 63 1,166 1,238 2,517 2,532 6,122 3,212 11,866 14,383 91 2,148 10
Gloucester 2008 - 22 98 182 302 777 2,881 216 3,874 4,176 26 1,484 22
Hudson 2008 19 35 879 801 1,734 1,537 4,600 942 7,079 8,813 60 1,997 20
Hunterdon 2008 - 12 - 30 42 98 462 22 582 624 6 277 3
Mercer 2008 16 29 308 312 665 830 2,485 335 3,650 4,315 31 1,372 8
Middlesex 2008 9 45 255 419 728 1,342 6,048 566 7,956 8,684 46 2,203 55
Monmouth 2008 3 34 244 326 607 1,034 4,630 241 5,905 6,512 29 2,386 112
Morris 2008 3 21 58 139 221 521 2,059 138 2,718 2,939 9 1,164 31
Ocean 2008 3 33 102 248 386 1,219 4,058 216 5,493 5,879 41 2,482 38
Passaic 2008 11 31 598 613 1,253 1,264 3,764 840 5,868 7,121 18 1,854 4
Salem 2008 - 4 29 57 90 193 531 46 770 860 13 267 -
Somerset 2008 2 8 67 68 145 388 1,651 121 2,160 2,305 7 1,034 14
Sussex 2008 1 4 - 36 41 197 712 31 940 981 7 467 3
Union 2008 12 38 563 385 998 1,241 4,588 1,111 6,940 7,938 15 1,792 15
Warren 2008 - 2 17 43 62 149 603 42 794 856 4 681 4

Atlantic 2009 12 27 281 377 697 828 3,160 188 4,176 4,873 33 2,758 5
Bergen 2009 2 14 144 307 467 947 4,507 323 5,777 6,244 30 2,052 22
Burlington 2009 4 25 123 161 313 712 2,651 181 3,544 3,857 31 1,836 25
Camden 2009 19 63 585 872 1,539 1,600 4,963 648 7,211 8,750 89 3,242 9
Cape May 2009 1 13 27 77 118 518 1,120 34 1,672 1,790 13 539 3
Cumberland 2009 7 15 137 254 413 668 1,709 96 2,473 2,886 29 1,630 2
Essex 2009 52 78 1,242 1,174 2,546 2,064 5,493 2,390 9,947 12,493 71 2,590 7
Gloucester 2009 2 17 100 171 290 666 2,526 126 3,318 3,608 20 1,591 10
Hudson 2009 17 34 683 732 1,466 1,356 4,154 839 6,349 7,815 45 1,914 10
Hunterdon 2009 - 2 3 19 24 136 358 20 514 538 4 248 1
Mercer 2009 12 32 364 367 775 717 2,597 300 3,614 4,389 24 1,379 8
Middlesex 2009 5 35 268 430 738 1,219 5,325 481 7,025 7,763 37 2,185 51
Monmouth 2009 7 28 241 342 618 1,098 4,451 219 5,768 6,386 25 2,518 98
Morris 2009 - 9 51 126 186 477 2,135 104 2,716 2,902 10 1,194 22
Ocean 2009 2 24 101 229 356 911 3,640 126 4,677 5,033 36 2,377 41
Passaic 2009 5 30 533 459 1,027 1,051 3,584 624 5,259 6,286 12 1,955 11
Salem 2009 - 5 20 47 72 177 457 31 665 737 10 385 -
Somerset 2009 1 9 47 65 122 389 1,577 110 2,076 2,198 4 1,150 13
Sussex 2009 1 3 9 34 47 147 773 16 936 983 10 657 2
Union 2009 5 44 605 435 1,089 1,133 4,115 880 6,128 7,217 19 1,770 5
Warren 2009 2 4 15 58 79 138 538 24 700 779 5 773 9

Atlantic 2010 13 24 290 353 680 956 3,421 135 4,512 5,192 28 2,712 8
Bergen 2010 8 15 133 312 468 950 4,354 255 5,559 6,027 23 2,216 26
Burlington 2010 2 32 133 174 341 644 2,702 142 3,488 3,829 26 1,936 30
Camden 2010 21 58 560 847 1,486 1,688 5,516 509 7,713 9,199 67 3,340 15
Cape May 2010 1 12 26 80 119 463 1,188 24 1,675 1,794 9 570 4
Cumberland 2010 7 10 112 252 381 628 1,671 90 2,389 2,770 11 1,874 -
Essex 2010 51 81 1,196 1,163 2,491 2,003 4,926 2,011 8,940 11,431 50 3,028 8
Gloucester 2010 - 13 88 151 252 678 2,908 113 3,699 3,951 22 1,678 29
Hudson 2010 20 30 585 755 1,390 1,266 4,161 702 6,129 7,519 39 1,872 7
Hunterdon 2010 - 3 4 24 31 99 368 21 488 519 1 374 2
Mercer 2010 5 10 252 493 760 842 2,423 306 3,571 4,331 30 1,441 9
Middlesex 2010 11 37 250 394 692 1,139 5,151 435 6,725 7,417 29 2,365 59
Monmouth 2010 9 35 225 363 632 1,248 4,949 212 6,409 7,041 33 2,695 95
Morris 2010 2 14 43 123 182 512 1,992 66 2,570 2,752 10 1,391 9
Ocean 2010 4 13 105 213 335 1,018 3,997 127 5,142 5,477 41 2,456 43
Passaic 2010 7 30 521 611 1,169 1,352 3,603 471 5,426 6,595 19 2,085 8
Salem 2010 4 3 25 51 83 191 553 31 775 858 9 418 -
Somerset 2010 - 9 50 65 124 373 1,605 84 2,062 2,186 4 1,142 5
Sussex 2010 1 1 2 41 45 134 727 15 876 921 2 687 4
Union 2010 11 37 601 537 1,186 1,163 3,853 788 5,804 6,990 21 1,881 9
Warren 2010 - 7 10 29 46 108 556 21 685 731 - 865 6

Atlantic 2011 8 23 304 364 699 934 3,369 172 4,475 5,174 26 2,116 14
Bergen 2011 3 14 144 275 436 956 3,952 259 5,167 5,603 17 1,667 20
Burlington 2011 2 49 85 194 330 827 2,784 157 3,768 4,098 20 1,554 26
Camden 2011 22 58 531 935 1,546 1,942 5,316 571 7,829 9,375 98 2,298 16
Cape May 2011 1 3 42 105 151 475 1,316 33 1,824 1,975 3 462 2
Cumberland 2011 4 18 111 275 408 763 1,780 78 2,621 3,029 20 1,433 1
Essex 2011 59 56 1,317 1,030 2,462 2,185 5,235 2,787 10,207 12,669 58 1,805 3
Gloucester 2011 1 12 90 108 211 705 2,620 113 3,438 3,649 18 1,187 16
Hudson 2011 11 30 652 720 1,413 1,445 3,877 818 6,140 7,553 27 1,411 18
Hunterdon 2011 - 3 1 23 27 119 376 10 505 532 5 243 1
Mercer 2011 9 25 292 393 719 992 2,418 225 3,635 4,354 20 1,106 3
Middlesex 2011 7 27 259 409 702 1,311 4,948 468 6,727 7,429 50 2,047 32
Monmouth 2011 3 28 176 336 543 1,201 4,988 172 6,361 6,904 25 2,151 62
Morris 2011 5 13 62 99 179 539 2,082 79 2,700 2,879 5 951 9
Ocean 2011 2 20 82 191 295 1,030 4,183 81 5,294 5,589 37 2,006 31
Passaic 2011 10 34 461 650 1,155 1,358 3,270 705 5,333 6,488 8 1,686 8
Salem 2011 - 10 26 65 101 239 531 27 797 898 3 431 -
Somerset 2011 3 5 61 55 124 350 1,572 99 2,021 2,145 7 938 12
Sussex 2011 - 2 6 30 38 150 723 26 899 937 3 623 1
Union 2011 19 34 580 462 1,095 1,438 3,862 1,003 6,303 7,398 36 1,555 6
Warren 2011 1 4 8 34 47 141 625 19 785 832 5 655 10
